Node Voltages
1  10.00
2   8.27
3   7.03
4   6.08
5   5.72
6   7.79
7   7.00
8   6.29
9   5.55
10   5.22
11   6.71
12   6.02
13   5.42
14   4.68
15   4.27
16   5.97
17   5.26
18   4.59
19   3.57
20   2.73
21   5.59
22   4.83
23   4.04
24   2.46
25   0.00

Link Currents
1 2   0.86
1 6   0.74
2 3   0.50
2 7   0.36
3 4   0.32
3 8   0.18
4 5   0.14
4 9   0.17
5 10   0.14
6 7   0.20
6 11   0.54
7 8   0.28
7 12   0.28
8 9   0.25
8 13   0.22
9 10   0.13
9 14   0.29
10 15   0.27
11 12   0.17
11 16   0.37
12 13   0.24
12 17   0.22
13 14   0.25
13 18   0.21
14 15   0.17
14 19   0.37
15 20   0.44
16 17   0.18
16 21   0.19
17 18   0.27
17 22   0.12
18 19   0.34
18 23   0.14
19 20   0.34
19 24   0.37
20 25   0.78
21 22   0.19
22 23   0.31
23 24   0.45
24 25   0.82
